# Created by Octave 4.0.0, Tue Aug 23 09:25:34 2016 IST <alfred@Alfred>
# name: phig_z
# type: complex matrix
# rows: 4
# columns: 1
 (0.0007426680687078908,9.97945876779506e-05)
 (0.9999882575356027,-6.902107146702242e-07)
 (0.0007423575268541374,-0.000100010693303584)
 (0.999987404023492,0.002417960719464843)


